MEME version 5.5.7 (Wed Jun 19 13:59:04 2024 -0700)

ALPHABET= ACGT

strands: + -

Background letter frequencies (from file `./background'):
A 0.24390 C 0.25610 G 0.25610 T 0.24390 

MOTIF 1 1-CCASYAGRKGGCRSY-STREME-1

letter-probability matrix: alength= 4 w= 15 nsites= 2462 E= 3.2e-064
  0.105451	  0.821024	  0.026329	  0.047196	
  0.000016	  0.999952	  0.000017	  0.000016	
  0.878517	  0.007275	  0.053094	  0.061113	
  0.017254	  0.636799	  0.338219	  0.007728	
  0.145638	  0.395644	  0.028143	  0.430574	
  0.941429	  0.000017	  0.032680	  0.025874	
  0.001377	  0.000017	  0.998591	  0.000016	
  0.465959	  0.000017	  0.534008	  0.000016	
  0.009089	  0.004554	  0.515820	  0.470538	
  0.000016	  0.000017	  0.999498	  0.000469	
  0.005460	  0.005007	  0.908125	  0.081408	
  0.077325	  0.867297	  0.002739	  0.052639	
  0.575143	  0.003193	  0.404863	  0.016801	
  0.089385	  0.470189	  0.406386	  0.034040	
  0.120234	  0.350690	  0.063836	  0.465240	

MOTIF 2 MA0139.1-CTCF

letter-probability matrix: alength= 4 w= 19 nsites= 913 E= 0.0e+000
  0.095306	  0.318722	  0.083261	  0.502710	
  0.182920	  0.158828	  0.453428	  0.204823	
  0.307770	  0.053691	  0.491759	  0.146780	
  0.061356	  0.876164	  0.023026	  0.039452	
  0.008788	  0.988967	  0.000028	  0.002217	
  0.814833	  0.014266	  0.071214	  0.099687	
  0.043834	  0.578278	  0.365815	  0.012073	
  0.117339	  0.474757	  0.052654	  0.355251	
  0.933039	  0.012088	  0.035112	  0.019762	
  0.005514	  0.000028	  0.991137	  0.003319	
  0.365519	  0.003321	  0.621255	  0.009905	
  0.059296	  0.013199	  0.553205	  0.374300	
  0.013212	  0.000028	  0.977943	  0.008817	
  0.061558	  0.008818	  0.851583	  0.078040	
  0.114425	  0.806321	  0.005528	  0.073726	
  0.409223	  0.014327	  0.557723	  0.018727	
  0.090325	  0.530807	  0.338097	  0.040771	
  0.128868	  0.354615	  0.080415	  0.436102	
  0.442709	  0.199345	  0.292948	  0.064998	

MOTIF 3 10-CCACACGGKGGC-STREME-10

letter-probability matrix: alength= 4 w= 12 nsites= 84 E= 3.8e-001
  0.036608	  0.938396	  0.024578	  0.000419	
  0.000419	  0.998711	  0.000451	  0.000419	
  0.885104	  0.012514	  0.072830	  0.029552	
  0.000419	  0.986648	  0.012514	  0.000419	
  0.759466	  0.000451	  0.096956	  0.143126	
  0.263757	  0.666878	  0.000451	  0.068914	
  0.029552	  0.024578	  0.945452	  0.000419	
  0.289933	  0.000451	  0.709197	  0.000419	
  0.000419	  0.012514	  0.568323	  0.418743	
  0.036608	  0.000451	  0.962522	  0.000419	
  0.060734	  0.000451	  0.909263	  0.029552	
  0.041615	  0.957515	  0.000451	  0.000419	

MOTIF 4 MA1930.1-CTCF

letter-probability matrix: alength= 4 w= 35 nsites= 2576 E= 0.0e+000
  0.113747	  0.581121	  0.155284	  0.149849	
  0.093950	  0.041545	  0.055909	  0.808596	
  0.015925	  0.013596	  0.961153	  0.009326	
  0.033393	  0.826453	  0.009715	  0.130439	
  0.770943	  0.049309	  0.060179	  0.119570	
  0.172751	  0.142085	  0.565205	  0.119958	
  0.061342	  0.107925	  0.069495	  0.761238	
  0.134321	  0.125781	  0.346269	  0.393628	
  0.175857	  0.517459	  0.127334	  0.179351	
  0.192937	  0.438269	  0.162659	  0.206135	
  0.277173	  0.308228	  0.241849	  0.172751	
  0.208076	  0.331907	  0.298911	  0.161105	
  0.181291	  0.441763	  0.217781	  0.159164	
  0.257763	  0.234473	  0.145967	  0.361796	
  0.218557	  0.283384	  0.210018	  0.288041	
  0.230203	  0.350151	  0.191772	  0.227874	
  0.175469	  0.303181	  0.152566	  0.368784	
  0.217392	  0.177798	  0.404109	  0.200701	
  0.234472	  0.116465	  0.482134	  0.166928	
  0.069106	  0.805103	  0.060179	  0.065613	
  0.014761	  0.976292	  0.003504	  0.005444	
  0.739888	  0.037664	  0.106761	  0.115688	
  0.049309	  0.546961	  0.373054	  0.030676	
  0.135097	  0.394405	  0.067942	  0.402556	
  0.845862	  0.020972	  0.082305	  0.050861	
  0.012431	  0.003504	  0.980950	  0.003115	
  0.442539	  0.005445	  0.543079	  0.008938	
  0.065613	  0.027571	  0.468936	  0.437880	
  0.024077	  0.005445	  0.959600	  0.010879	
  0.046204	  0.053579	  0.821795	  0.078422	
  0.130051	  0.711550	  0.033394	  0.125005	
  0.396345	  0.063673	  0.450691	  0.089292	
  0.108312	  0.507366	  0.287266	  0.097056	
  0.121899	  0.346269	  0.102879	  0.428953	
  0.305510	  0.229426	  0.255823	  0.209240	

MOTIF 5 MA1102.2-CTCFL

letter-probability matrix: alength= 4 w= 12 nsites= 18037 E= 0.0e+000
  0.322947	  0.231746	  0.268559	  0.176748	
  0.147420	  0.389920	  0.393302	  0.069358	
  0.072131	  0.713364	  0.112714	  0.101792	
  0.957472	  0.022898	  0.018241	  0.001387	
  0.004769	  0.026668	  0.958304	  0.010258	
  0.037923	  0.033266	  0.915392	  0.013418	
  0.019350	  0.063260	  0.855184	  0.062206	
  0.010701	  0.042525	  0.932468	  0.014305	
  0.019461	  0.014970	  0.942559	  0.023009	
  0.010036	  0.975380	  0.003771	  0.010812	
  0.230970	  0.167156	  0.515550	  0.086324	
  0.098188	  0.428396	  0.351554	  0.121862	

MOTIF 6 MA1929.1-CTCF

letter-probability matrix: alength= 4 w= 34 nsites= 6765 E= 0.0e+000
  0.133759	  0.567391	  0.182531	  0.116319	
  0.135089	  0.059861	  0.047151	  0.757899	
  0.024094	  0.019512	  0.924022	  0.032371	
  0.042421	  0.808150	  0.035622	  0.113806	
  0.673804	  0.092671	  0.057644	  0.175880	
  0.245049	  0.170707	  0.490981	  0.093262	
  0.087498	  0.145731	  0.084395	  0.682377	
  0.167456	  0.114841	  0.262046	  0.455658	
  0.106416	  0.587196	  0.112920	  0.193468	
  0.114545	  0.578328	  0.080405	  0.226722	
  0.303724	  0.273574	  0.168638	  0.254064	
  0.217706	  0.283033	  0.307271	  0.191990	
  0.242241	  0.341116	  0.212978	  0.203666	
  0.289535	  0.208692	  0.211204	  0.290569	
  0.231895	  0.211500	  0.323972	  0.232634	
  0.122231	  0.365059	  0.139228	  0.373483	
  0.219184	  0.205736	  0.335352	  0.239728	
  0.243719	  0.116910	  0.465856	  0.173516	
  0.107894	  0.749032	  0.076562	  0.066512	
  0.033110	  0.934220	  0.011680	  0.020990	
  0.633012	  0.052767	  0.138193	  0.176028	
  0.063999	  0.524826	  0.366980	  0.044195	
  0.184896	  0.406146	  0.091341	  0.317616	
  0.770314	  0.036066	  0.116319	  0.077300	
  0.031041	  0.016852	  0.943975	  0.008132	
  0.368606	  0.012715	  0.603749	  0.014931	
  0.073163	  0.037544	  0.515367	  0.373926	
  0.034292	  0.011237	  0.934959	  0.019512	
  0.051289	  0.056314	  0.798987	  0.093410	
  0.152824	  0.696860	  0.036361	  0.113954	
  0.404521	  0.068877	  0.455805	  0.070798	
  0.103756	  0.490981	  0.292639	  0.112624	
  0.171594	  0.342447	  0.119275	  0.366684	
  0.336239	  0.253030	  0.297812	  0.112920	

MOTIF 7 2-AAARYAAACA-STREME-2

letter-probability matrix: alength= 4 w= 10 nsites= 676 E= 2.3e-003
  0.535782	  0.156621	  0.042697	  0.264899	
  0.732492	  0.000105	  0.227668	  0.039735	
  0.694473	  0.000105	  0.085286	  0.220136	
  0.393298	  0.077890	  0.494236	  0.034576	
  0.000097	  0.514558	  0.000105	  0.485240	
  0.999693	  0.000105	  0.000105	  0.000097	
  0.999693	  0.000105	  0.000105	  0.000097	
  0.999693	  0.000105	  0.000105	  0.000097	
  0.000097	  0.670107	  0.000105	  0.329691	
  0.847376	  0.102501	  0.050025	  0.000097	
