MEME version 5.5.7 (Wed Jun 19 13:59:04 2024 -0700)

ALPHABET= ACGT

strands: + -

Background letter frequencies (from file `./background'):
A 0.23630 C 0.26370 G 0.26370 T 0.23630 

MOTIF 1 1-CCASYAGRKGGCRSY-STREME-1

letter-probability matrix: alength= 4 w= 15 nsites= 1314 E= 4.8e-034
  0.094512	  0.827115	  0.031527	  0.046845	
  0.000029	  0.999059	  0.000033	  0.000880	
  0.844135	  0.011098	  0.068129	  0.076637	
  0.015350	  0.643399	  0.331007	  0.010243	
  0.139626	  0.415983	  0.035783	  0.408607	
  0.941173	  0.012801	  0.023015	  0.023011	
  0.003433	  0.000033	  0.996505	  0.000029	
  0.447618	  0.000033	  0.551469	  0.000880	
  0.017904	  0.004289	  0.512314	  0.465493	
  0.000029	  0.000033	  0.999910	  0.000029	
  0.006838	  0.002586	  0.906277	  0.084298	
  0.087703	  0.851800	  0.007694	  0.052803	
  0.550116	  0.003438	  0.429040	  0.017406	
  0.087205	  0.460888	  0.407616	  0.044291	
  0.110685	  0.380377	  0.078697	  0.430241	

MOTIF 2 2-GAAAGAAAA-STREME-2

letter-probability matrix: alength= 4 w= 9 nsites= 129 E= 3.4e-002
  0.033230	  0.058554	  0.802101	  0.106114	
  0.960899	  0.000713	  0.037765	  0.000623	
  0.997951	  0.000713	  0.000713	  0.000623	
  0.997951	  0.000713	  0.000713	  0.000623	
  0.071116	  0.000713	  0.927548	  0.000623	
  0.837077	  0.103283	  0.059016	  0.000623	
  0.824479	  0.025074	  0.142138	  0.008309	
  0.896590	  0.052651	  0.031617	  0.019142	
  0.953291	  0.000713	  0.045373	  0.000623	

MOTIF 3 3-GGAAATGA-STREME-3

letter-probability matrix: alength= 4 w= 8 nsites= 311 E= 4.7e-002
  0.000424	  0.000485	  0.961153	  0.037938	
  0.125377	  0.000485	  0.873713	  0.000424	
  0.809529	  0.000485	  0.000485	  0.189500	
  0.998605	  0.000485	  0.000485	  0.000424	
  0.784533	  0.000485	  0.214558	  0.000424	
  0.000424	  0.000485	  0.000485	  0.998605	
  0.000424	  0.050740	  0.948411	  0.000424	
  0.702485	  0.104012	  0.000485	  0.193017	
