MEME version 5.5.7 (Wed Jun 19 13:59:04 2024 -0700)

ALPHABET= ACGT

strands: + -

Background letter frequencies (from file `./background'):
A 0.18480 C 0.31520 G 0.31520 T 0.18480 

MOTIF 1 1-RGGGGCGGGGCSDG-STREME-1

letter-probability matrix: alength= 4 w= 14 nsites= 2100 E= 3.1e-019
  0.274566	  0.181504	  0.485615	  0.058315	
  0.111506	  0.000028	  0.763916	  0.124550	
  0.025132	  0.000028	  0.974824	  0.000015	
  0.000015	  0.000028	  0.999942	  0.000015	
  0.000015	  0.000028	  0.999942	  0.000015	
  0.112380	  0.768054	  0.000028	  0.119538	
  0.000015	  0.000028	  0.999942	  0.000015	
  0.000015	  0.000028	  0.928855	  0.071102	
  0.130536	  0.000028	  0.863439	  0.005997	
  0.100819	  0.000028	  0.899137	  0.000015	
  0.129746	  0.695352	  0.064112	  0.110790	
  0.052934	  0.443864	  0.301094	  0.202108	
  0.218871	  0.098440	  0.399376	  0.283313	
  0.203324	  0.187044	  0.535168	  0.074464	

MOTIF 2 2-AGCCAATCAGMR-STREME-2

letter-probability matrix: alength= 4 w= 12 nsites= 789 E= 5.0e-009
  0.651684	  0.070803	  0.229461	  0.048053	
  0.297315	  0.024086	  0.599681	  0.078917	
  0.035048	  0.955093	  0.000081	  0.009779	
  0.015475	  0.958682	  0.005225	  0.020619	
  0.998081	  0.000081	  0.000081	  0.001757	
  0.998081	  0.000081	  0.001796	  0.000043	
  0.000043	  0.001796	  0.000081	  0.998081	
  0.154103	  0.567334	  0.240798	  0.037765	
  0.696684	  0.038134	  0.256566	  0.008616	
  0.152389	  0.199823	  0.553439	  0.094349	
  0.486524	  0.272879	  0.165109	  0.075488	
  0.440053	  0.024507	  0.424916	  0.110525	

MOTIF 3 3-GCCGCCGCCGCCGC-STREME-3

letter-probability matrix: alength= 4 w= 14 nsites= 720 E= 6.7e-008
  0.000049	  0.149842	  0.798072	  0.052036	
  0.000049	  0.925881	  0.000093	  0.073977	
  0.068669	  0.859020	  0.000093	  0.072218	
  0.120696	  0.007797	  0.871459	  0.000049	
  0.000049	  0.957649	  0.000093	  0.042210	
  0.000049	  0.832334	  0.067846	  0.099771	
  0.041273	  0.000093	  0.958585	  0.000049	
  0.002010	  0.863267	  0.000093	  0.134630	
  0.049298	  0.862002	  0.000093	  0.088608	
  0.109694	  0.000093	  0.871186	  0.019028	
  0.000049	  0.905202	  0.000093	  0.094657	
  0.000049	  0.983197	  0.000093	  0.016661	
  0.144003	  0.000093	  0.649657	  0.206247	
  0.007806	  0.891260	  0.007088	  0.093847	

MOTIF 4 4-CASYAGRGGGCR-STREME-4

letter-probability matrix: alength= 4 w= 12 nsites= 260 E= 6.3e-005
  0.000119	  0.999536	  0.000226	  0.000119	
  0.836030	  0.000226	  0.163625	  0.000119	
  0.009676	  0.629453	  0.360752	  0.000119	
  0.081358	  0.508134	  0.000226	  0.410282	
  0.999429	  0.000226	  0.000226	  0.000119	
  0.032032	  0.000226	  0.958066	  0.009676	
  0.365527	  0.000226	  0.634128	  0.000119	
  0.006881	  0.000226	  0.667109	  0.325784	
  0.038349	  0.000226	  0.961306	  0.000119	
  0.024013	  0.000226	  0.921093	  0.054669	
  0.000119	  0.978438	  0.000226	  0.021217	
  0.616072	  0.000226	  0.383583	  0.000119	

MOTIF 5 5-GTSACGTSA-STREME-5

letter-probability matrix: alength= 4 w= 9 nsites= 450 E= 4.3e-004
  0.050843	  0.000202	  0.948849	  0.000106	
  0.000106	  0.029117	  0.000202	  0.970575	
  0.016400	  0.590500	  0.362277	  0.030824	
  0.999490	  0.000202	  0.000202	  0.000106	
  0.000106	  0.944687	  0.040765	  0.014442	
  0.032792	  0.000202	  0.966900	  0.000106	
  0.000106	  0.000202	  0.000202	  0.999490	
  0.098582	  0.292617	  0.582437	  0.026363	
  0.694516	  0.029963	  0.236248	  0.039273	

MOTIF 6 6-STGCGCATGCGCAS-STREME-6

letter-probability matrix: alength= 4 w= 14 nsites= 302 E= 2.1e-003
  0.069000	  0.444737	  0.388134	  0.098129	
  0.027122	  0.208576	  0.164625	  0.599677	
  0.098129	  0.000201	  0.901564	  0.000106	
  0.056593	  0.943100	  0.000201	  0.000106	
  0.017153	  0.000201	  0.982539	  0.000106	
  0.000106	  0.997456	  0.000201	  0.002237	
  0.666895	  0.193497	  0.092621	  0.046986	
  0.046986	  0.092621	  0.193497	  0.666895	
  0.002237	  0.000201	  0.997456	  0.000106	
  0.000106	  0.982539	  0.000201	  0.017153	
  0.000106	  0.000201	  0.943100	  0.056593	
  0.000106	  0.901564	  0.000201	  0.098129	
  0.599677	  0.164625	  0.208576	  0.027122	
  0.098129	  0.388134	  0.444737	  0.069000	

MOTIF 7 7-ACCCGGAGCC-STREME-7

letter-probability matrix: alength= 4 w= 10 nsites= 713 E= 7.2e-003
  0.984927	  0.000110	  0.000110	  0.014854	
  0.027228	  0.916471	  0.029135	  0.027166	
  0.013700	  0.791469	  0.074262	  0.120569	
  0.001775	  0.909371	  0.046956	  0.041897	
  0.069595	  0.097725	  0.799180	  0.033501	
  0.171147	  0.105231	  0.671466	  0.052156	
  0.911589	  0.005927	  0.019170	  0.063314	
  0.132654	  0.076202	  0.658122	  0.133021	
  0.078166	  0.670148	  0.110431	  0.141255	
  0.122839	  0.671923	  0.037417	  0.167821	

MOTIF 8 8-RACTACAAYTCCCAG-STREME-8

letter-probability matrix: alength= 4 w= 15 nsites= 189 E= 9.3e-003
  0.471982	  0.005814	  0.477658	  0.044547	
  0.988235	  0.011365	  0.000262	  0.000138	
  0.000138	  0.988359	  0.011365	  0.000138	
  0.000138	  0.028018	  0.005814	  0.966030	
  0.899417	  0.055773	  0.000262	  0.044547	
  0.000138	  0.999462	  0.000262	  0.000138	
  0.866111	  0.055773	  0.055773	  0.022342	
  0.527493	  0.100182	  0.127938	  0.244387	
  0.111160	  0.333329	  0.127938	  0.427573	
  0.083405	  0.066876	  0.016916	  0.832804	
  0.000138	  0.893991	  0.000262	  0.105609	
  0.005689	  0.988359	  0.000262	  0.005689	
  0.000138	  0.971706	  0.005814	  0.022342	
  0.832804	  0.000262	  0.166796	  0.000138	
  0.177773	  0.066876	  0.683049	  0.072302	

MOTIF 9 9-ATTTGCATA-STREME-9

letter-probability matrix: alength= 4 w= 9 nsites= 109 E= 1.7e-002
  0.891463	  0.040799	  0.067437	  0.000300	
  0.035970	  0.000571	  0.000571	  0.962889	
  0.017378	  0.020823	  0.036776	  0.925024	
  0.294244	  0.000571	  0.000571	  0.704615	
  0.191615	  0.060914	  0.747172	  0.000300	
  0.089078	  0.849708	  0.000571	  0.060643	
  0.942101	  0.000571	  0.057028	  0.000300	
  0.000300	  0.000571	  0.000571	  0.998559	
  0.857061	  0.000571	  0.108390	  0.033978	

MOTIF 10 10-AAAAAAAAAAASM-STREME-10

letter-probability matrix: alength= 4 w= 13 nsites= 247 E= 3.4e-002
  0.973514	  0.000245	  0.026113	  0.000129	
  0.879468	  0.010592	  0.083943	  0.025996	
  0.759250	  0.170973	  0.059301	  0.010476	
  0.842450	  0.088196	  0.048531	  0.020823	
  0.911431	  0.077848	  0.010592	  0.000129	
  0.821333	  0.077848	  0.038607	  0.062212	
  0.802786	  0.051980	  0.062328	  0.082906	
  0.695020	  0.230030	  0.002392	  0.072559	
  0.839001	  0.139931	  0.015765	  0.005302	
  0.906258	  0.000245	  0.000245	  0.093253	
  0.847567	  0.008052	  0.043626	  0.100755	
  0.019904	  0.494712	  0.288771	  0.196613	
  0.335781	  0.437701	  0.113604	  0.112914	
