MEME version 5.5.7 (Wed Jun 19 13:59:04 2024 -0700)

ALPHABET= ACGT

strands: + -

Background letter frequencies (from file `./background'):
A 0.18200 C 0.31800 G 0.31800 T 0.18200 

MOTIF 1 1-RGGGGCGGGGCBD-STREME-1

letter-probability matrix: alength= 4 w= 13 nsites= 1881 E= 1.4e-019
  0.286068	  0.145889	  0.481023	  0.087020	
  0.132029	  0.000032	  0.677472	  0.190467	
  0.115457	  0.000032	  0.884493	  0.000017	
  0.000017	  0.000032	  0.999933	  0.000017	
  0.000017	  0.000032	  0.999933	  0.000017	
  0.000017	  0.865176	  0.000032	  0.134775	
  0.000017	  0.000032	  0.999933	  0.000017	
  0.000017	  0.000032	  0.886628	  0.113323	
  0.145358	  0.000032	  0.854592	  0.000017	
  0.080429	  0.000032	  0.905784	  0.013755	
  0.115743	  0.741688	  0.001691	  0.140878	
  0.054360	  0.448703	  0.224590	  0.272347	
  0.233860	  0.076378	  0.341164	  0.348598	

MOTIF 2 2-CCASYAGRKGGCRSY-STREME-2

letter-probability matrix: alength= 4 w= 15 nsites= 640 E= 6.5e-009
  0.078220	  0.801137	  0.053825	  0.066819	
  0.000041	  0.999842	  0.000077	  0.000041	
  0.823227	  0.000077	  0.103363	  0.073334	
  0.024472	  0.621300	  0.328127	  0.026101	
  0.134273	  0.416079	  0.027765	  0.421883	
  0.955830	  0.004963	  0.013107	  0.026101	
  0.000041	  0.003334	  0.994955	  0.001670	
  0.433007	  0.000077	  0.561989	  0.004927	
  0.011442	  0.014735	  0.574742	  0.399080	
  0.003298	  0.000077	  0.996584	  0.000041	
  0.006556	  0.000077	  0.920034	  0.073334	
  0.077267	  0.875382	  0.000077	  0.047274	
  0.460972	  0.004963	  0.509593	  0.024472	
  0.099394	  0.477971	  0.342786	  0.079849	
  0.122196	  0.399792	  0.083142	  0.394870	

MOTIF 3 3-YRRCCAATCR-STREME-3

letter-probability matrix: alength= 4 w= 10 nsites= 658 E= 4.2e-008
  0.126587	  0.446845	  0.173194	  0.253374	
  0.615351	  0.000112	  0.353969	  0.030568	
  0.341420	  0.051853	  0.565173	  0.041555	
  0.000060	  0.966135	  0.000112	  0.033693	
  0.000060	  0.980716	  0.000112	  0.019113	
  0.999716	  0.000112	  0.000112	  0.000060	
  0.999716	  0.000112	  0.000112	  0.000060	
  0.000060	  0.000112	  0.000112	  0.999716	
  0.194283	  0.551418	  0.254240	  0.000060	
  0.629018	  0.000112	  0.370810	  0.000060	

MOTIF 4 4-GCCGCCGCCGCCGC-STREME-4

letter-probability matrix: alength= 4 w= 14 nsites= 840 E= 1.1e-007
  0.086377	  0.038246	  0.871583	  0.003794	
  0.052635	  0.841173	  0.000079	  0.106113	
  0.022612	  0.970857	  0.000079	  0.006453	
  0.094707	  0.000079	  0.886924	  0.018290	
  0.000042	  0.930471	  0.015561	  0.053926	
  0.000042	  0.833134	  0.023151	  0.143673	
  0.069659	  0.000079	  0.930221	  0.000042	
  0.031724	  0.877184	  0.000079	  0.091013	
  0.022232	  0.856822	  0.064075	  0.056870	
  0.174289	  0.000079	  0.728357	  0.097276	
  0.000042	  0.834690	  0.000079	  0.165190	
  0.001414	  0.904048	  0.000079	  0.094459	
  0.121884	  0.003306	  0.755165	  0.119645	
  0.028845	  0.872783	  0.000079	  0.098293	

MOTIF 5 5-GCGCATGCGCASW-STREME-5

letter-probability matrix: alength= 4 w= 13 nsites= 292 E= 2.0e-007
  0.084736	  0.000186	  0.911026	  0.004051	
  0.064975	  0.895217	  0.008091	  0.031717	
  0.023813	  0.000186	  0.975902	  0.000099	
  0.000099	  0.999616	  0.000186	  0.000099	
  0.646672	  0.226571	  0.079231	  0.047526	
  0.051478	  0.107453	  0.168316	  0.672752	
  0.000099	  0.000186	  0.999616	  0.000099	
  0.000099	  0.991711	  0.000186	  0.008004	
  0.000099	  0.000186	  0.979854	  0.019860	
  0.000099	  0.871504	  0.000186	  0.128211	
  0.977792	  0.004138	  0.017971	  0.000099	
  0.098233	  0.349783	  0.551884	  0.000099	
  0.268180	  0.090264	  0.204310	  0.437246	

MOTIF 6 6-GTSACGTSA-STREME-6

letter-probability matrix: alength= 4 w= 9 nsites= 385 E= 2.2e-007
  0.034203	  0.000277	  0.965372	  0.000148	
  0.000148	  0.000277	  0.000277	  0.999298	
  0.001739	  0.548442	  0.434797	  0.015023	
  0.999298	  0.000277	  0.000277	  0.000148	
  0.000148	  0.883912	  0.083062	  0.032878	
  0.071495	  0.000277	  0.928080	  0.000148	
  0.000148	  0.000277	  0.000277	  0.999298	
  0.094354	  0.298877	  0.586062	  0.020707	
  0.850624	  0.000277	  0.109707	  0.039392	

MOTIF 7 7-AAGATGGCGGCGSS-STREME-7

letter-probability matrix: alength= 4 w= 14 nsites= 340 E= 1.5e-005
  0.930752	  0.000151	  0.069015	  0.000081	
  0.935303	  0.035524	  0.013014	  0.016159	
  0.115846	  0.285802	  0.585409	  0.012944	
  0.999617	  0.000151	  0.000151	  0.000081	
  0.000081	  0.009798	  0.000151	  0.989969	
  0.006512	  0.000151	  0.993256	  0.000081	
  0.003296	  0.000151	  0.996472	  0.000081	
  0.070826	  0.867843	  0.019446	  0.041885	
  0.043219	  0.090191	  0.753960	  0.112630	
  0.144787	  0.122348	  0.655608	  0.077258	
  0.170513	  0.739215	  0.000151	  0.090120	
  0.035453	  0.258742	  0.519213	  0.186591	
  0.080473	  0.299212	  0.496703	  0.123612	
  0.164081	  0.355213	  0.306977	  0.173729	

MOTIF 8 8-CCCCMCCCCCACCCC-STREME-8

letter-probability matrix: alength= 4 w= 15 nsites= 383 E= 4.5e-004
  0.077484	  0.843027	  0.022342	  0.057146	
  0.025443	  0.934673	  0.006490	  0.033394	
  0.022272	  0.974329	  0.003319	  0.000080	
  0.050806	  0.865221	  0.041364	  0.042610	
  0.456075	  0.281060	  0.085750	  0.177115	
  0.000080	  0.940485	  0.009660	  0.049775	
  0.022272	  0.964817	  0.003320	  0.009591	
  0.040273	  0.915113	  0.003320	  0.041294	
  0.012761	  0.942625	  0.016001	  0.028613	
  0.009591	  0.963502	  0.014146	  0.012761	
  0.527515	  0.095332	  0.199199	  0.177954	
  0.118699	  0.741575	  0.060387	  0.079339	
  0.022883	  0.854322	  0.100523	  0.022272	
  0.053976	  0.865221	  0.038194	  0.042609	
  0.031783	  0.857611	  0.051486	  0.059119	

MOTIF 9 9-ACTACAAYTCCCAGA-STREME-9

letter-probability matrix: alength= 4 w= 15 nsites= 196 E= 4.8e-004
  0.968590	  0.030860	  0.000359	  0.000191	
  0.007816	  0.991633	  0.000359	  0.000191	
  0.000191	  0.023235	  0.000359	  0.976215	
  0.953340	  0.023235	  0.015609	  0.007816	
  0.015442	  0.968758	  0.007984	  0.007816	
  0.922839	  0.015609	  0.023235	  0.038317	
  0.633082	  0.099486	  0.099486	  0.167945	
  0.137445	  0.473121	  0.061360	  0.328074	
  0.045942	  0.023235	  0.007984	  0.922839	
  0.000191	  0.945882	  0.023235	  0.030692	
  0.000191	  0.999259	  0.000359	  0.000191	
  0.000191	  0.984008	  0.000359	  0.015442	
  0.892338	  0.015609	  0.076611	  0.015442	
  0.053568	  0.122362	  0.801004	  0.023067	
  0.556830	  0.251990	  0.114737	  0.076443	

MOTIF 10 10-CKCCATGGCKGC-STREME-10

letter-probability matrix: alength= 4 w= 12 nsites= 302 E= 2.2e-003
  0.035393	  0.720976	  0.134701	  0.108930	
  0.201650	  0.089890	  0.248234	  0.460226	
  0.000089	  0.794027	  0.061048	  0.144836	
  0.000089	  0.919594	  0.080229	  0.000089	
  0.999579	  0.000166	  0.000166	  0.000089	
  0.017741	  0.007227	  0.000166	  0.974866	
  0.014538	  0.064394	  0.899797	  0.021271	
  0.046664	  0.014287	  0.938960	  0.000089	
  0.003619	  0.908466	  0.007227	  0.080688	
  0.144914	  0.147508	  0.455965	  0.251613	
  0.242878	  0.029874	  0.700982	  0.026266	
  0.072162	  0.829215	  0.094050	  0.004573	

MOTIF 11 11-YACTTCCGGKT-STREME-11

letter-probability matrix: alength= 4 w= 11 nsites= 478 E= 2.2e-003
  0.083843	  0.588904	  0.014195	  0.313058	
  0.794491	  0.000158	  0.178481	  0.026871	
  0.000084	  0.841321	  0.081756	  0.076839	
  0.102235	  0.000158	  0.000158	  0.897449	
  0.000084	  0.000158	  0.000158	  0.999601	
  0.000084	  0.984892	  0.000158	  0.014866	
  0.000084	  0.999674	  0.000158	  0.000084	
  0.013477	  0.000158	  0.917641	  0.068724	
  0.000084	  0.000158	  0.983502	  0.016256	
  0.008653	  0.182554	  0.491116	  0.317676	
  0.184710	  0.144820	  0.154352	  0.516118	

MOTIF 12 MA1589.1-ZNF140

letter-probability matrix: alength= 4 w= 21 nsites= 1840 E= 0.0e+000
  0.176630	  0.147835	  0.140227	  0.535307	
  0.619541	  0.094034	  0.185333	  0.101091	
  0.151632	  0.020668	  0.664655	  0.163044	
  0.015770	  0.005452	  0.971703	  0.007075	
  0.928220	  0.007626	  0.058710	  0.005445	
  0.014139	  0.005995	  0.971161	  0.008705	
  0.005445	  0.475534	  0.019581	  0.499440	
  0.283690	  0.003278	  0.648895	  0.064136	
  0.005988	  0.000560	  0.984747	  0.008705	
  0.990717	  0.001104	  0.003821	  0.004358	
  0.986913	  0.004908	  0.006539	  0.001640	
  0.004358	  0.047298	  0.014691	  0.933655	
  0.038595	  0.017951	  0.026103	  0.917351	
  0.010335	  0.005452	  0.981486	  0.002727	
  0.015770	  0.872796	  0.011974	  0.099461	
  0.120112	  0.069579	  0.037515	  0.772794	
  0.168479	  0.071209	  0.674438	  0.085875	
  0.183696	  0.086426	  0.634766	  0.095114	
  0.247279	  0.103273	  0.546184	  0.103265	
  0.127177	  0.157618	  0.134793	  0.580413	
  0.152176	  0.524989	  0.137510	  0.185326	

MOTIF 13 MA0509.3-RFX1

letter-probability matrix: alength= 4 w= 16 nsites= 19362 E= 0.0e+000
  0.061255	  0.451192	  0.351152	  0.136401	
  0.001158	  0.000066	  0.998774	  0.000001	
  0.000001	  0.000388	  0.000195	  0.999417	
  0.001904	  0.044144	  0.000186	  0.953766	
  0.199146	  0.003716	  0.762534	  0.034605	
  0.000065	  0.819813	  0.002378	  0.177744	
  0.000065	  0.904934	  0.000066	  0.094935	
  0.997620	  0.000195	  0.001543	  0.000643	
  0.000579	  0.001287	  0.000323	  0.997812	
  0.090618	  0.000131	  0.909187	  0.000065	
  0.167962	  0.002122	  0.829851	  0.000065	
  0.033153	  0.662534	  0.004216	  0.300098	
  0.827600	  0.000064	  0.042761	  0.129575	
  0.999224	  0.000259	  0.000388	  0.000130	
  0.000001	  0.998839	  0.000002	  0.001158	
  0.132640	  0.342435	  0.460905	  0.064020	

MOTIF 14 12-AGCCCGAG-STREME-12

letter-probability matrix: alength= 4 w= 8 nsites= 1069 E= 7.7e-003
  0.998585	  0.000559	  0.000559	  0.000298	
  0.097537	  0.042494	  0.833717	  0.026253	
  0.000298	  0.751086	  0.189749	  0.058867	
  0.000298	  0.998846	  0.000559	  0.000298	
  0.000298	  0.998846	  0.000559	  0.000298	
  0.086142	  0.000559	  0.865234	  0.048065	
  0.823733	  0.000559	  0.175411	  0.000298	
  0.000298	  0.000559	  0.996648	  0.002496	

MOTIF 15 MA0686.1-SPDEF

letter-probability matrix: alength= 4 w= 11 nsites= 5817 E= 0.0e+000
  0.795588	  0.017368	  0.030261	  0.156782	
  0.360684	  0.522324	  0.102294	  0.014698	
  0.010900	  0.969813	  0.019284	  0.000003	
  0.048697	  0.950883	  0.000210	  0.000208	
  0.000435	  0.000437	  0.999124	  0.000003	
  0.001296	  0.000005	  0.996972	  0.001726	
  0.998260	  0.000005	  0.001299	  0.000434	
  0.101528	  0.013173	  0.002104	  0.883194	
  0.228246	  0.087601	  0.674531	  0.009623	
  0.009576	  0.221986	  0.004626	  0.763812	
  0.412917	  0.122734	  0.289326	  0.175022	

MOTIF 16 13-CCCGGCCCCGGCC-STREME-13

letter-probability matrix: alength= 4 w= 13 nsites= 389 E= 3.7e-002
  0.000081	  0.940022	  0.000151	  0.059746	
  0.036174	  0.882470	  0.000151	  0.081204	
  0.060006	  0.939762	  0.000151	  0.000081	
  0.000081	  0.000151	  0.986849	  0.012920	
  0.188248	  0.066961	  0.733845	  0.010946	
  0.000081	  0.824168	  0.116264	  0.059487	
  0.016391	  0.878569	  0.051933	  0.053107	
  0.016130	  0.871765	  0.022070	  0.090035	
  0.070886	  0.695136	  0.181923	  0.052054	
  0.100346	  0.082970	  0.781224	  0.035460	
  0.052192	  0.170429	  0.777299	  0.000081	
  0.022448	  0.871726	  0.068844	  0.036981	
  0.054646	  0.857397	  0.027952	  0.060005	

MOTIF 17 14-GAGGARGRGGAGGAG-STREME-14

letter-probability matrix: alength= 4 w= 15 nsites= 781 E= 4.0e-002
  0.002890	  0.002921	  0.985592	  0.008597	
  0.982469	  0.000067	  0.017153	  0.000311	
  0.037136	  0.058571	  0.901404	  0.002890	
  0.085614	  0.041448	  0.872903	  0.000036	
  0.702023	  0.103286	  0.193228	  0.001463	
  0.351648	  0.120520	  0.491531	  0.036301	
  0.154613	  0.010648	  0.834703	  0.000036	
  0.525952	  0.084134	  0.305933	  0.083981	
  0.058539	  0.070577	  0.842309	  0.028574	
  0.180055	  0.047430	  0.753929	  0.018586	
  0.648240	  0.180913	  0.135138	  0.035709	
  0.075234	  0.139249	  0.785482	  0.000036	
  0.139873	  0.027892	  0.810795	  0.021440	
  0.641136	  0.115779	  0.161715	  0.081370	
  0.150628	  0.094836	  0.745939	  0.008597	
